82 408 1147 914 367 1488 1089 416 1060 194 437 1268 1116 911 678 1215 214 
82 408 911 1147 678 914 367 1169 1089 416 1060 194 1268 1116 1215 214 

408 911 1147 678 914 1488 1215 1169 1089 416 1408 1060 194 214 1268 1116 82 367 
1008 191 

1442 
493 339 
554 1209 458 540 
1402 479 
82 408 1147 914 367 1488 1089 416 1060 194 437 1268 1116 911 678 1215 214 
82 408 911 1147 678 914 367 1169 1089 416 1060 194 1268 1116 1215 214 

408 911 1147 678 914 1488 1215 1169 1089 416 1408 1060 194 214 1268 1116 82 367 
1008 191 

1442 
493 339 
554 1209 458 540 
1402 479 
