Depth 1: 1311 
Depth 2: 1477 725 598 430 0 40 45 
Depth 3: 35 99 184 289 455 595 866 1141 1236 1334 1385 1516 50 71 336 37 727 1010 1175 1465 972 746 830 264 323 55 958 494 783 883 470 643 103 623 644 208 210 446 74 496 1424 1438 836 195 473 106 1069 94 837 512 435 1512 451 345 96 347 464 1032 846 1367 1021 1349 150 1323 744 363 145 1483 686 901 1271 554 961 873 920 535 1501 1370 586 312 706 917 253 808 1287 1221 1336 125 1288 1082 669 1083 537 508 640 551 1254 811 381 1506 445 763 748 812 1507 1258 799 1310 91 92 1363 1312 1425 1510 1015 117 31 528 78 734 129 315 911 1133 945 1197 1017 1413 225 1262 1031 1263 178 786 991 271 148 164 10 543 611 438 249 1215 331 1111 183 1524 1514 692 876 933 678 650 1471 665 63 864 1297 410 805 485 486 583 1275 947 1048 162 904 241 20 62 132 424 599 489 1448 1436 1012 798 1343 472 1345 399 572 978 343 558 214 177 962 97 576 250 107 388 439 614 1057 891 935 1526 540 409 188 201 292 411 536 655 723 777 778 779 1279 1325 1353 1404 1410 1418 1474 672 695 782 785 849 999 1047 1084 1256 1357 1373 1388 1414 1459 1481 1491 1493 73 226 232 237 384 397 509 626 708 733 741 815 1300 263 698 776 832 893 
Depth 1: 688 
Depth 2: 650 546 1170 64 581 864 253 1188 374 564 67 
Depth 3: 839 409 705 419 301 806 0 781 893 1064 137 967 1501 26 62 100 113 140 141 152 165 167 197 202 275 288 350 428 509 512 513 527 554 596 610 626 637 661 664 674 675 679 723 733 776 793 795 802 815 828 834 836 866 872 928 931 988 1002 1007 1050 1068 1125 1133 1195 1235 1239 1271 1276 1279 1328 1333 1360 1375 1387 1389 1396 1434 1450 1494 1502 1513 502 1499 1402 1445 535 1051 1 13 16 17 30 36 38 39 42 53 69 70 76 78 94 99 107 110 117 128 129 143 163 172 173 176 180 196 201 210 214 227 230 234 246 258 260 268 269 276 295 307 310 315 341 348 360 369 379 381 382 396 397 402 407 414 417 420 427 429 435 436 439 446 447 455 458 465 468 483 489 516 532 553 567 574 577 586 587 595 602 616 620 628 634 635 642 655 686 691 692 708 716 727 728 731 736 744 745 753 763 770 786 803 804 822 824 832 843 873 896 903 917 938 974 990 991 992 997 1004 1009 1016 1017 1033 1037 1039 1043 1045 1062 1092 1104 1108 1135 1140 1149 1161 1164 1175 1204 1209 1215 1245 1246 1247 1250 1262 1267 1277 1285 1286 1287 1300 1303 1304 1310 1312 1317 1320 133 936 1113 865 1190 303 304 808 1429 719 1231 933 1185 9 647 466 97 1119 593 718 20 319 250 533 772 149 1471 1058 410 1370 558 598 663 1385 55 181 204 257 280 298 376 432 457 550 557 570 629 644 697 785 876 907 913 947 1072 1081 1082 1088 1100 1178 1214 1263 1302 1326 1357 1394 1440 1463 1491 1427 1486 1495 102 126 218 221 340 472 496 590 603 668 715 767 846 878 932 958 1041 1130 1292 1367 1399 1424 1485 1405 256 363 443 494 998 184 1156 35 522 359 362 883 347 485 
Depth 1: 756 
Depth 2: 633 0 
Depth 3: 78 146 648 698 810 846 972 1046 1336 1389 1505 866 540 409 
Depth 1: 437 
Depth 2: 1406 292 378 321 367 1483 624 1509 901 
Depth 3: 427 637 1404 598 744 24 1254 339 494 1343 1150 77 417 418 947 177 846 1524 736 933 877 1501 315 512 237 327 514 563 0 489 1221 204 1373 907 40 640 1326 540 1307 1270 812 104 686 233 1312 554 1117 1376 785 43 1455 1047 839 225 347 46 992 148 164 20 632 332 578 917 356 1471 1112 823 207 548 595 636 1161 263 430 708 1336 898 402 614 1508 635 1505 1330 82 1385 1463 1491 307 443 604 669 1172 1237 1506 1345 1207 384 712 1180 629 913 982 438 718 1154 210 350 446 486 725 878 939 1125 1325 1334 1474 280 498 1275 424 953 777 1127 1477 429 336 276 999 599 1128 4 1389 1481 852 728 570 1257 1306 1130 397 909 475 871 961 1313 196 592 558 344 345 904 466 1332 610 149 1515 62 1185 1320 995 64 410 535 564 694 546 1035 1499 648 1021 1349 108 243 1485 943 1136 719 848 634 1057 12 936 106 626 815 976 572 978 436 1512 962 9 10 1119 1214 47 1184 1092 48 320 1121 1429 
Depth 1: 1006 
Depth 2: 354 197 409 947 846 1513 931 719 331 1499 0 
Depth 3: 9 1331 148 561 97 438 419 284 250 1277 1003 183 1524 439 917 1320 614 1057 1471 242 891 48 132 243 1297 410 302 1323 1501 898 923 971 1161 1178 1288 1333 1338 1385 1417 1437 1487 712 1426 571 911 477 660 837 512 715 1440 629 1197 802 914 466 330 514 1090 240 875 1050 1367 964 454 1094 1234 805 806 996 1427 108 1190 268 945 1330 345 991 948 532 718 20 107 373 634 558 1379 913 1072 163 348 982 770 1228 1317 1136 1230 1022 876 150 546 1093 1077 42 69 73 114 126 160 185 200 207 211 258 260 314 350 368 412 526 548 607 617 635 636 747 757 776 785 815 828 839 894 930 961 1000 1002 1007 1052 1053 1055 1151 1204 1224 1271 1285 1314 1386 1448 1507 895 904 943 963 966 978 1005 1030 1047 1049 1066 1138 1152 1180 1205 1256 1332 1388 164 10 1119 1214 47 1184 1021 578 1092 1035 320 1121 1429 1170 932 424 637 443 550 336 602 540 210 586 471 312 554 565 566 572 574 582 589 604 606 619 628 645 668 670 671 676 681 683 700 703 716 721 724 728 732 733 734 742 749 782 830 835 868 871 873 880 881 885 893 912 940 941 952 959 970 997 1014 1016 1024 1039 1041 1046 1062 1064 1070 1071 1084 1116 1127 1149 1156 1164 1181 1195 1203 1220 1226 1236 1237 1254 1268 1275 1279 1282 1283 1295 1301 1316 1336 1345 1375 1387 1393 1404 1406 1407 1419 1424 1451 1464 1468 1474 1481 1503 1504 1506 901 256 430 595 8 363 369 384 832 858 946 974 1037 1 3 4 18 24 26 37 50 54 56 60 71 87 91 94 95 100 102 103 104 117 119 120 137 138 143 153 157 170 171 173 174 177 188 191 192 194 203 204 208 214 220 221 228 257 261 264 275 278 288 289 296 307 321 329 335 340 343 347 353 359 361 370 379 386 404 415 418 428 429 435 446 458 473 486 489 494 495 496 508 513 518 527 539 541 552 559 583 587 588 591 592 594 598 599 603 616 620 623 641 653 654 658 669 685 695 698 704 740 765 767 779 786 799 827 834 838 844 845 866 872 892 896 900 908 925 926 951 979 989 990 992 993 999 1011 1017 1018 1029 1069 1078 1089 1097 1100 1102 1106 1124 1130 1133 1145 1160 1163 1176 1193 1199 1202 1227 1239 1247 1259 1289 1292 1299 1300 1305 1324 1326 1334 1339 1343 1352 1353 1372 1389 1390 1399 1409 1413 1420 1441 1453 1455 1476 1477 1478 1479 1480 1483 1486 1492 1502 1511 1522 575 217 576 1056 819 239 1168 1200 847 862 691 400 83 452 1091 500 533 1019 388 736 1525 965 1217 61 1185 633 165 877 649 934 1400 580 1058 12 581 935 109 1264 1462 1188 920 85 1526 1402 1113 219 738 564 1120 1189 286 1036 808 485 1108 529 1263 609 465 611 949 241 648 1232 453 663 1215 804 218 133 134 425 1231 1112 1527 74 230 395 744 783 882 1045 1245 1467 1485 1509 483 1515 1251 936 739 968 444 470 509 643 958 396 16 414 442 478 577 661 836 856 878 1128 1494 1496 1508 
Depth 1: 320 
Depth 2: 0 
Depth 3: 866 540 409 
Depth 1: 111 
Depth 2: 167 228 261 350 378 509 550 583 
Depth 3: 668 708 0 50 112 115 135 200 349 643 653 810 958 1242 565 1385 925 952 1041 69 289 636 939 333 878 450 343 717 558 1108 529 216 307 427 443 489 604 669 1172 1221 1237 339 524 536 602 1064 258 671 832 1024 1042 1336 447 76 236 457 470 526 724 830 882 885 892 972 1299 1310 1370 808 207 548 595 1161 263 430 846 898 402 614 1508 635 672 751 472 814 1394 753 734 1293 298 129 1118 43 512 1491 1106 1315 171 221 275 292 336 426 428 722 880 906 1096 1124 1173 1503 154 938 828 893 1387 1409 1100 431 432 100 114 494 642 1269 192 210 174 586 471 340 74 856 836 588 590 943 872 1030 1180 451 802 513 913 609 478 963 20 876 933 1155 253 1188 936 424 1501 303 803 889 992 163 1227 121 706 562 155 725 1386 3 744 620 1480 363 1053 1446 1448 88 188 971 39 321 1011 1254 1466 381 1339 141 782 405 26 1045 1329 1375 1270 1343 686 1484 353 1345 1150 1519 384 474 1015 527 961 815 1313 315 1376 196 1455 1166 237 131 225 214 372 176 946 215 1018 705 1399 438 419 593 1276 719 691 319 917 1185 1058 109 1112 823 1113 535 
Depth 1: 1225 
Depth 2: 38 350 397 494 939 1207 1112 1141 1154 1170 1174 
Depth 3: 0 1477 457 458 733 751 999 1024 1157 1178 1287 450 343 717 558 1108 529 216 307 427 443 489 604 669 1172 1221 1237 339 524 536 602 708 1064 1385 258 671 832 1041 1042 1336 447 76 236 470 526 724 810 830 882 885 892 958 972 1299 1310 1370 808 112 201 256 260 363 548 595 741 1156 1283 1436 1505 1448 54 87 89 114 188 221 261 291 333 364 402 493 550 635 670 795 854 998 1011 1255 1300 1303 1305 1307 1325 1334 1353 1406 1409 1418 1450 1474 1479 26 142 700 210 1329 586 749 311 624 900 901 195 117 1117 784 815 1376 477 1490 1455 1180 945 1262 214 238 786 948 846 932 20 218 1050 1367 1111 1514 1460 933 822 150 934 1138 1092 1058 1035 581 48 1093 935 775 920 133 1526 1402 302 1023 1501 1121 497 416 135 430 263 24 1159 642 833 1375 798 74 1483 1343 836 266 475 160 734 943 1030 371 418 1047 95 96 609 182 91 367 601 129 190 866 960 312 378 663 379 926 115 174 196 837 1495 1382 648 253 1188 374 753 1049 410 1499 1190 455 46 94 146 341 414 555 997 1019 1100 1263 1338 1362 1386 1414 446 1 13 16 17 30 36 39 42 53 69 70 78 99 107 110 128 137 143 163 172 173 176 180 227 230 234 246 268 269 276 295 310 315 348 360 369 381 382 396 407 417 420 428 429 435 436 439 465 468 483 516 532 546 553 567 574 577 587 616 620 628 634 637 655 686 691 692 705 716 727 728 731 736 744 745 763 770 803 804 824 843 873 896 903 917 938 974 990 991 992 1004 1009 1016 1017 1033 1037 1039 1043 1045 1062 1104 1125 1135 1140 1149 1161 1164 1175 1204 1209 1215 1235 1245 1246 1247 1250 1267 1276 1277 1285 1286 1304 1312 1317 1320 936 1113 865 564 303 304 1429 445 342 1330 614 
Depth 1: 722 
Depth 2: 1231 331 772 637 540 626 1133 1056 664 1184 
Depth 3: 16 42 54 124 125 143 147 157 188 230 237 312 325 345 351 360 368 394 395 405 428 451 464 490 526 532 553 559 565 573 582 585 587 594 596 606 628 670 681 726 740 741 747 763 770 782 786 804 824 829 832 866 878 883 899 916 931 945 946 953 1041 1043 1049 1136 1164 1193 1207 1270 1271 1326 1330 1336 1374 1379 1426 1434 1464 1467 1484 1485 0 1172 1024 1175 210 264 438 444 470 509 598 602 629 643 695 846 958 971 1239 1263 1513 396 849 275 504 906 938 1037 1156 1191 1385 1125 1406 828 620 361 1480 1064 263 137 1389 669 1084 469 140 830 114 339 1342 781 156 172 1291 192 414 1027 1483 1343 1292 472 836 1313 887 767 1396 872 873 715 608 801 1048 1109 609 162 499 348 180 1228 610 847 284 218 319 1382 1524 1250 822 677 737 650 546 1170 64 581 864 253 1188 374 564 67 126 152 155 171 221 292 336 350 426 443 880 1096 1124 1173 1503 76 343 379 810 1295 115 342 558 753 1046 31 871 910 129 1151 1180 45 176 803 183 453 109 302 1501 1370 1 26 30 37 71 102 146 276 595 642 644 708 744 795 990 997 999 1053 1068 1127 1178 1179 1285 1425 1505 1508 505 589 785 981 1045 1052 1126 1220 96 113 159 207 391 527 646 989 1224 1387 1090 388 1514 876 1319 389 1095 1190 128 141 246 333 458 515 536 719 728 731 901 1071 1135 1276 1450 1481 429 446 475 494 
Depth 1: 904 
Depth 2: 0 932 424 
Depth 3: 866 540 409 833 1421 447 1310 885 195 341 76 146 1395 450 343 947 1331 1427 1495 1050 581 243 663 862 241 1215 82 84 388 21 1382 1003 665 1188 1234 1501 1190 806 1428 62 94 95 107 114 135 136 147 182 306 321 339 350 418 429 446 471 474 486 512 539 549 550 572 588 612 614 623 636 662 669 672 700 734 782 827 846 854 877 895 943 963 966 978 1005 1006 1030 1047 1049 1066 1138 1152 1180 1205 1256 1332 1367 1388 1390 1414 1483 1506 807 
Depth 1: 1311 
Depth 2: 1477 725 598 430 0 40 45 
Depth 3: 35 99 184 289 455 595 866 1141 1236 1334 1385 1516 50 71 336 37 727 1010 1175 1465 972 746 830 264 323 55 958 494 783 883 470 643 103 623 644 208 210 446 74 496 1424 1438 836 195 473 106 1069 94 837 512 435 1512 451 345 96 347 464 1032 846 1367 1021 1349 150 1323 744 363 145 1483 686 901 1271 554 961 873 920 535 1501 1370 586 312 706 917 253 808 1287 1221 1336 125 1288 1082 669 1083 537 508 640 551 1254 811 381 1506 445 763 748 812 1507 1258 799 1310 91 92 1363 1312 1425 1510 1015 117 31 528 78 734 129 315 911 1133 945 1197 1017 1413 225 1262 1031 1263 178 786 991 271 148 164 10 543 611 438 249 1215 331 1111 183 1524 1514 692 876 933 678 650 1471 665 63 864 1297 410 805 485 486 583 1275 947 1048 162 904 241 20 62 132 424 599 489 1448 1436 1012 798 1343 472 1345 399 572 978 343 558 214 177 962 97 576 250 107 388 439 614 1057 891 935 1526 540 409 188 201 292 411 536 655 723 777 778 779 1279 1325 1353 1404 1410 1418 1474 672 695 782 785 849 999 1047 1084 1256 1357 1373 1388 1414 1459 1481 1491 1493 73 226 232 237 384 397 509 626 708 733 741 815 1300 263 698 776 832 893 
Depth 1: 688 
Depth 2: 650 546 1170 64 581 864 253 1188 374 564 67 
Depth 3: 839 409 705 419 301 806 0 781 893 1064 137 967 1501 26 62 100 113 140 141 152 165 167 197 202 275 288 350 428 509 512 513 527 554 596 610 626 637 661 664 674 675 679 723 733 776 793 795 802 815 828 834 836 866 872 928 931 988 1002 1007 1050 1068 1125 1133 1195 1235 1239 1271 1276 1279 1328 1333 1360 1375 1387 1389 1396 1434 1450 1494 1502 1513 502 1499 1402 1445 535 1051 1 13 16 17 30 36 38 39 42 53 69 70 76 78 94 99 107 110 117 128 129 143 163 172 173 176 180 196 201 210 214 227 230 234 246 258 260 268 269 276 295 307 310 315 341 348 360 369 379 381 382 396 397 402 407 414 417 420 427 429 435 436 439 446 447 455 458 465 468 483 489 516 532 553 567 574 577 586 587 595 602 616 620 628 634 635 642 655 686 691 692 708 716 727 728 731 736 744 745 753 763 770 786 803 804 822 824 832 843 873 896 903 917 938 974 990 991 992 997 1004 1009 1016 1017 1033 1037 1039 1043 1045 1062 1092 1104 1108 1135 1140 1149 1161 1164 1175 1204 1209 1215 1245 1246 1247 1250 1262 1267 1277 1285 1286 1287 1300 1303 1304 1310 1312 1317 1320 133 936 1113 865 1190 303 304 808 1429 719 1231 933 1185 9 647 466 97 1119 593 718 20 319 250 533 772 149 1471 1058 410 1370 558 598 663 1385 55 181 204 257 280 298 376 432 457 550 557 570 629 644 697 785 876 907 913 947 1072 1081 1082 1088 1100 1178 1214 1263 1302 1326 1357 1394 1440 1463 1491 1427 1486 1495 102 126 218 221 340 472 496 590 603 668 715 767 846 878 932 958 1041 1130 1292 1367 1399 1424 1485 1405 256 363 443 494 998 184 1156 35 522 359 362 883 347 485 
Depth 1: 756 
Depth 2: 633 0 
Depth 3: 78 146 648 698 810 846 972 1046 1336 1389 1505 866 540 409 
Depth 1: 437 
Depth 2: 1406 292 378 321 367 1483 624 1509 901 
Depth 3: 427 637 1404 598 744 24 1254 339 494 1343 1150 77 417 418 947 177 846 1524 736 933 877 1501 315 512 237 327 514 563 0 489 1221 204 1373 907 40 640 1326 540 1307 1270 812 104 686 233 1312 554 1117 1376 785 43 1455 1047 839 225 347 46 992 148 164 20 632 332 578 917 356 1471 1112 823 207 548 595 636 1161 263 430 708 1336 898 402 614 1508 635 1505 1330 82 1385 1463 1491 307 443 604 669 1172 1237 1506 1345 1207 384 712 1180 629 913 982 438 718 1154 210 350 446 486 725 878 939 1125 1325 1334 1474 280 498 1275 424 953 777 1127 1477 429 336 276 999 599 1128 4 1389 1481 852 728 570 1257 1306 1130 397 909 475 871 961 1313 196 592 558 344 345 904 466 1332 610 149 1515 62 1185 1320 995 64 410 535 564 694 546 1035 1499 648 1021 1349 108 243 1485 943 1136 719 848 634 1057 12 936 106 626 815 976 572 978 436 1512 962 9 10 1119 1214 47 1184 1092 48 320 1121 1429 
Depth 1: 1006 
Depth 2: 354 197 409 947 846 1513 931 719 331 1499 0 
Depth 3: 9 1331 148 561 97 438 419 284 250 1277 1003 183 1524 439 917 1320 614 1057 1471 242 891 48 132 243 1297 410 302 1323 1501 898 923 971 1161 1178 1288 1333 1338 1385 1417 1437 1487 712 1426 571 911 477 660 837 512 715 1440 629 1197 802 914 466 330 514 1090 240 875 1050 1367 964 454 1094 1234 805 806 996 1427 108 1190 268 945 1330 345 991 948 532 718 20 107 373 634 558 1379 913 1072 163 348 982 770 1228 1317 1136 1230 1022 876 150 546 1093 1077 42 69 73 114 126 160 185 200 207 211 258 260 314 350 368 412 526 548 607 617 635 636 747 757 776 785 815 828 839 894 930 961 1000 1002 1007 1052 1053 1055 1151 1204 1224 1271 1285 1314 1386 1448 1507 895 904 943 963 966 978 1005 1030 1047 1049 1066 1138 1152 1180 1205 1256 1332 1388 164 10 1119 1214 47 1184 1021 578 1092 1035 320 1121 1429 1170 932 424 637 443 550 336 602 540 210 586 471 312 554 565 566 572 574 582 589 604 606 619 628 645 668 670 671 676 681 683 700 703 716 721 724 728 732 733 734 742 749 782 830 835 868 871 873 880 881 885 893 912 940 941 952 959 970 997 1014 1016 1024 1039 1041 1046 1062 1064 1070 1071 1084 1116 1127 1149 1156 1164 1181 1195 1203 1220 1226 1236 1237 1254 1268 1275 1279 1282 1283 1295 1301 1316 1336 1345 1375 1387 1393 1404 1406 1407 1419 1424 1451 1464 1468 1474 1481 1503 1504 1506 901 256 430 595 8 363 369 384 832 858 946 974 1037 1 3 4 18 24 26 37 50 54 56 60 71 87 91 94 95 100 102 103 104 117 119 120 137 138 143 153 157 170 171 173 174 177 188 191 192 194 203 204 208 214 220 221 228 257 261 264 275 278 288 289 296 307 321 329 335 340 343 347 353 359 361 370 379 386 404 415 418 428 429 435 446 458 473 486 489 494 495 496 508 513 518 527 539 541 552 559 583 587 588 591 592 594 598 599 603 616 620 623 641 653 654 658 669 685 695 698 704 740 765 767 779 786 799 827 834 838 844 845 866 872 892 896 900 908 925 926 951 979 989 990 992 993 999 1011 1017 1018 1029 1069 1078 1089 1097 1100 1102 1106 1124 1130 1133 1145 1160 1163 1176 1193 1199 1202 1227 1239 1247 1259 1289 1292 1299 1300 1305 1324 1326 1334 1339 1343 1352 1353 1372 1389 1390 1399 1409 1413 1420 1441 1453 1455 1476 1477 1478 1479 1480 1483 1486 1492 1502 1511 1522 575 217 576 1056 819 239 1168 1200 847 862 691 400 83 452 1091 500 533 1019 388 736 1525 965 1217 61 1185 633 165 877 649 934 1400 580 1058 12 581 935 109 1264 1462 1188 920 85 1526 1402 1113 219 738 564 1120 1189 286 1036 808 485 1108 529 1263 609 465 611 949 241 648 1232 453 663 1215 804 218 133 134 425 1231 1112 1527 74 230 395 744 783 882 1045 1245 1467 1485 1509 483 1515 1251 936 739 968 444 470 509 643 958 396 16 414 442 478 577 661 836 856 878 1128 1494 1496 1508 
Depth 1: 320 
Depth 2: 0 
Depth 3: 866 540 409 
Depth 1: 111 
Depth 2: 167 228 261 350 378 509 550 583 
Depth 3: 668 708 0 50 112 115 135 200 349 643 653 810 958 1242 565 1385 925 952 1041 69 289 636 939 333 878 450 343 717 558 1108 529 216 307 427 443 489 604 669 1172 1221 1237 339 524 536 602 1064 258 671 832 1024 1042 1336 447 76 236 457 470 526 724 830 882 885 892 972 1299 1310 1370 808 207 548 595 1161 263 430 846 898 402 614 1508 635 672 751 472 814 1394 753 734 1293 298 129 1118 43 512 1491 1106 1315 171 221 275 292 336 426 428 722 880 906 1096 1124 1173 1503 154 938 828 893 1387 1409 1100 431 432 100 114 494 642 1269 192 210 174 586 471 340 74 856 836 588 590 943 872 1030 1180 451 802 513 913 609 478 963 20 876 933 1155 253 1188 936 424 1501 303 803 889 992 163 1227 121 706 562 155 725 1386 3 744 620 1480 363 1053 1446 1448 88 188 971 39 321 1011 1254 1466 381 1339 141 782 405 26 1045 1329 1375 1270 1343 686 1484 353 1345 1150 1519 384 474 1015 527 961 815 1313 315 1376 196 1455 1166 237 131 225 214 372 176 946 215 1018 705 1399 438 419 593 1276 719 691 319 917 1185 1058 109 1112 823 1113 535 
Depth 1: 1225 
Depth 2: 38 350 397 494 939 1207 1112 1141 1154 1170 1174 
Depth 3: 0 1477 457 458 733 751 999 1024 1157 1178 1287 450 343 717 558 1108 529 216 307 427 443 489 604 669 1172 1221 1237 339 524 536 602 708 1064 1385 258 671 832 1041 1042 1336 447 76 236 470 526 724 810 830 882 885 892 958 972 1299 1310 1370 808 112 201 256 260 363 548 595 741 1156 1283 1436 1505 1448 54 87 89 114 188 221 261 291 333 364 402 493 550 635 670 795 854 998 1011 1255 1300 1303 1305 1307 1325 1334 1353 1406 1409 1418 1450 1474 1479 26 142 700 210 1329 586 749 311 624 900 901 195 117 1117 784 815 1376 477 1490 1455 1180 945 1262 214 238 786 948 846 932 20 218 1050 1367 1111 1514 1460 933 822 150 934 1138 1092 1058 1035 581 48 1093 935 775 920 133 1526 1402 302 1023 1501 1121 497 416 135 430 263 24 1159 642 833 1375 798 74 1483 1343 836 266 475 160 734 943 1030 371 418 1047 95 96 609 182 91 367 601 129 190 866 960 312 378 663 379 926 115 174 196 837 1495 1382 648 253 1188 374 753 1049 410 1499 1190 455 46 94 146 341 414 555 997 1019 1100 1263 1338 1362 1386 1414 446 1 13 16 17 30 36 39 42 53 69 70 78 99 107 110 128 137 143 163 172 173 176 180 227 230 234 246 268 269 276 295 310 315 348 360 369 381 382 396 407 417 420 428 429 435 436 439 465 468 483 516 532 546 553 567 574 577 587 616 620 628 634 637 655 686 691 692 705 716 727 728 731 736 744 745 763 770 803 804 824 843 873 896 903 917 938 974 990 991 992 1004 1009 1016 1017 1033 1037 1039 1043 1045 1062 1104 1125 1135 1140 1149 1161 1164 1175 1204 1209 1215 1235 1245 1246 1247 1250 1267 1276 1277 1285 1286 1304 1312 1317 1320 936 1113 865 564 303 304 1429 445 342 1330 614 
Depth 1: 722 
Depth 2: 1231 331 772 637 540 626 1133 1056 664 1184 
Depth 3: 16 42 54 124 125 143 147 157 188 230 237 312 325 345 351 360 368 394 395 405 428 451 464 490 526 532 553 559 565 573 582 585 587 594 596 606 628 670 681 726 740 741 747 763 770 782 786 804 824 829 832 866 878 883 899 916 931 945 946 953 1041 1043 1049 1136 1164 1193 1207 1270 1271 1326 1330 1336 1374 1379 1426 1434 1464 1467 1484 1485 0 1172 1024 1175 210 264 438 444 470 509 598 602 629 643 695 846 958 971 1239 1263 1513 396 849 275 504 906 938 1037 1156 1191 1385 1125 1406 828 620 361 1480 1064 263 137 1389 669 1084 469 140 830 114 339 1342 781 156 172 1291 192 414 1027 1483 1343 1292 472 836 1313 887 767 1396 872 873 715 608 801 1048 1109 609 162 499 348 180 1228 610 847 284 218 319 1382 1524 1250 822 677 737 650 546 1170 64 581 864 253 1188 374 564 67 126 152 155 171 221 292 336 350 426 443 880 1096 1124 1173 1503 76 343 379 810 1295 115 342 558 753 1046 31 871 910 129 1151 1180 45 176 803 183 453 109 302 1501 1370 1 26 30 37 71 102 146 276 595 642 644 708 744 795 990 997 999 1053 1068 1127 1178 1179 1285 1425 1505 1508 505 589 785 981 1045 1052 1126 1220 96 113 159 207 391 527 646 989 1224 1387 1090 388 1514 876 1319 389 1095 1190 128 141 246 333 458 515 536 719 728 731 901 1071 1135 1276 1450 1481 429 446 475 494 
Depth 1: 904 
Depth 2: 0 932 424 
Depth 3: 866 540 409 833 1421 447 1310 885 195 341 76 146 1395 450 343 947 1331 1427 1495 1050 581 243 663 862 241 1215 82 84 388 21 1382 1003 665 1188 1234 1501 1190 806 1428 62 94 95 107 114 135 136 147 182 306 321 339 350 418 429 446 471 474 486 512 539 549 550 572 588 612 614 623 636 662 669 672 700 734 782 827 846 854 877 895 943 963 966 978 1005 1006 1030 1047 1049 1066 1138 1152 1180 1205 1256 1332 1367 1388 1390 1414 1483 1506 807 
